4.365652659655326340e-01 1.058607762464529034e-01 1.323913335729765550e-01
4.373098187123941605e-01 1.038275576475544831e-01 1.538562691938784033e-01
4.594675229182104692e-01 1.033031509116084101e-01 1.303213203217347127e-01
4.576799478313811620e-01 1.072157101855225336e-01 1.524431156852139035e-01
4.345340584593275768e-01 6.072741466452381831e-02 1.323816155501630620e-01
4.348669959994982404e-01 5.392007823862426247e-02 1.519182835845026558e-01
4.580022199851985221e-01 6.059048976349763749e-02 1.313885504242805202e-01
4.597200170775783135e-01 5.956630591714072442e-02 1.568041710439306291e-01
4.327860483574964556e-01 6.638778765379453953e-03 1.338069870565358754e-01
4.305999130013357656e-01 1.061983859112254278e-02 1.547979896156324586e-01
4.558064320749835585e-01 1.062944802426740720e-02 1.325539087547710215e-01
4.602246655048171098e-01 7.988345921363413510e-03 1.525485477055717187e-01
4.340525519040678293e-01 -3.860148548930584372e-02 1.309048750402356798e-01
4.357138760450692816e-01 -4.045631469040306127e-02 1.551995548058252850e-01
4.540882119584970789e-01 -4.536405056937329455e-02 1.319677665439378811e-01
4.558785872283752094e-01 -4.614770824878984545e-02 1.541177686163995308e-01
4.346519213133270276e-01 -9.459658383809259330e-02 1.321650390346325032e-01
4.316738124282268885e-01 -9.307485905947308902e-02 1.531374623251588185e-01
4.554066016930304883e-01 -9.169811897103388731e-02 1.341492010286035597e-01
4.565738940131743862e-01 -9.392249964006235685e-02 1.522133039087095185e-01
