-4.985900906997148968e-02 -1.549008837210537814e-03 7.530000000000000027e-01
-4.946172612917490441e-02 -2.320890465289481702e-02 7.469999999999999973e-01
-3.161909255896615256e-02 4.356378325303005179e-03 7.439999999999999947e-01
-2.937960256362935965e-02 -1.901055256773151805e-02 7.369999999999999885e-01
-7.444100899904636248e-02 8.036093291799550897e-03 7.219999999999999751e-01
-7.881632252304281161e-02 -7.078402162662851202e-03 7.099999999999999645e-01
-5.449522827554423299e-02 1.539299520289170477e-02 7.099999999999999645e-01
-5.357418216384490783e-02 -8.799733788218444194e-03 6.980000000000000648e-01
-1.061025147778753286e-01 2.374491371217656369e-02 6.810000000000000497e-01
-1.053234948455854941e-01 2.175272858222224853e-03 6.760000000000000453e-01
-8.332741631298595797e-02 2.870549981596020109e-02 6.710000000000000409e-01
-8.171302523687742903e-02 1.253015383280493139e-02 6.580000000000000293e-01
-1.291857997623123977e-01 4.113877293223254517e-02 6.440000000000000169e-01
-1.305209951614113295e-01 2.043396375852658126e-02 6.340000000000000080e-01
-1.182645717542250147e-01 4.696535145887260204e-02 6.310000000000000053e-01
-1.160154832264109065e-01 2.648093053066969196e-02 6.189999999999999947e-01
-1.596180384927174123e-01 5.722243264477307884e-02 5.989999999999999769e-01
-1.614160532488407573e-01 3.637810097808722581e-02 5.939999999999999725e-01
-1.403560788253063740e-01 5.957570390495191270e-02 5.909999999999999698e-01
-1.412858221897671240e-01 4.331827979249421728e-02 5.819999999999999618e-01
