2.890000000000000000e+02 2.510000000000000000e+02
2.890000000000000000e+02 2.400000000000000000e+02
2.980000000000000000e+02 2.540000000000000000e+02
2.990000000000000000e+02 2.420000000000000000e+02
2.750000000000000000e+02 2.560000000000000000e+02
2.720000000000000000e+02 2.480000000000000000e+02
2.850000000000000000e+02 2.600000000000000000e+02
2.850000000000000000e+02 2.470000000000000000e+02
2.550000000000000000e+02 2.650000000000000000e+02
2.550000000000000000e+02 2.530000000000000000e+02
2.670000000000000000e+02 2.680000000000000000e+02
2.670000000000000000e+02 2.590000000000000000e+02
2.380000000000000000e+02 2.760000000000000000e+02
2.360000000000000000e+02 2.640000000000000000e+02
2.430000000000000000e+02 2.800000000000000000e+02
2.430000000000000000e+02 2.680000000000000000e+02
2.130000000000000000e+02 2.880000000000000000e+02
2.110000000000000000e+02 2.750000000000000000e+02
2.240000000000000000e+02 2.900000000000000000e+02
2.220000000000000000e+02 2.800000000000000000e+02
